0000000000000000000000000000000000000001
0000000000000000000000001110100000000001
0000000000000000000000000000000000000001
0000000000001000000000001110100000000001
1111111111110110000010000010000000000001
0000000000010000000000001110001000000001
1111111111110110000010010010000000000001
0000000000011000000000001110001000000001
1111111111110110000000000010000000000001
0000000000100000000000001110001000000001
1111111111110010000000000010000000000001
0000000000110001000010000010001001000001
0000000001010000000000001110001000000001
0000000001000001000010000010000000000001
0000000000110001000010000011010000000001
0000000001010010000000010010001000000001
0000000000111000000000001110001000000001
0000000000111000000000001100000000000001
0000000001001000000000001111001000000001
0000000000000111111111110010000000000001
0000000000101000000000001110001000000001
1111111111110010000000100010000000000001
0000000001100001000010000010001001000001
0000000010000000000000001110001000000001
0000000001110001000010000010000000000001
0000000001100001000010000011010000000001
0000000010000010000000110010001000000001
0000000001101000000000001110001000000001
0000000001101000000000001100000000000001
0000000001111000000000001111001000000001
0000000000001111111111110010000000000001
0000000001011000000000001110001000000001
0000000010010001000010000010000000000001
0000000000000000000000000000000000000001
0000000010100000000000001111000000000001
0000000000010001000010000010000000001001
0000000010011000000000001110001000000001
1111111111101001000010000100000000000001
0000000010110000000000001110010000100111
0000000000000000000000000000000000000001
0000000011000000000000001110010000000001
0000000010101001000010000100000000100101
1111111111110001000111110100010000100101
0000000010110000000000001110010000100101
0000000010100001000010000011000001001001
1111111111101001000010000010000000000001
1111111111110001000010000010000000100101
0000000011001000000000001110001000000001
0000000010110001000010000100000000000001
1111111111110010000001000010000000001001
1111111111110001000111110010000000000001
0000000010111001000010000010001000000001
0000000011000000000000001110001000100011
0000000000000000000000000000000000000001
0000000011000001000010000010000000000001
1111111111110001000111110100000000001001
1111111111110001000010000010000000000001
1111111111101001000010000010000000100100
0000000100101000000000001110001000000001
0000000011001000000000001100000000000001
0000000000000111111111111010000000000001
0000000100010000000000001110110000000001
0000000011000001000010000100000000000001
1111111111110010000001010010000000001001
1111111111101001000010000010000000000001
0000000011000000000000001110001000100011
0000000011010001000010000010000000000001
0000000000000000000000000000000000000001
0000000011100000000000001111000000000001
0000000000011001000010000010000000001001
0000000011011000000000001110001000000001
1111111111101001000010000100000000000001
0000000011110000000000001110010000100111
0000000000000000000000000000000000000001
0000000100000000000000001110010000000001
0000000011101001000010000100000000100101
1111111111110001000111110100010000100101
0000000011110000000000001110010000100101
0000000011100001000010000011000001001001
1111111111101001000010000010000000000001
1111111111110001000010000010000000100101
0000000100001000000000001110001000000001
0000000011110001000010000100000000000001
1111111111110010000001000010000000001001
1111111111110001000111110010000000000001
0000000011111001000010000010001000000001
0000000100000000000000001110001000100011
0000000000000000000000000000000000000001
0000000100000001000010000010000000000001
1111111111110001000111110100000000001001
1111111111110001000010000010000000000001
1111111111101001000010000010000000100100
0000000100101000000000001110001000000001
0000000100001000000000001100000000000001
0000000000000111111111111010000000000001
0000000100011000000000001110110000000001
0000000100000001000010000100000000000001
1111111111110010000001010010000000001001
1111111111101001000010000010000000000001
0000000100000000000000001110001000100011
0000000100010001000010000010000000000001
0000000100011001000010000010001001000001
0000000101000000000000001110001000000001
0000000000000000000000000000000000000001
0000000100111000000000001111000000000001
0000000100110001000010000011000001001001
0000000000100001000010000010000000000001
0000000101000001000111110010001000100101
0000000101001000000000001110001000000001
0000000101001001000010000010000000001001
1111111111101001000010000010000000100111
1111111111110010000001110100000000001001
1111111111110010000001110010000000100010
0000000101001000000000001110001000000001
0000000000000000000000000000000000000001
0000000010001000000000001110001000000001
0000000101001000000000001100000000000001
0000000000000000000000000000000000000001
1111111111110010000010000010000100000001
0000000100100000000000001110001000000001
0000000100100001000010000010000000000001
0000000101010001000010000010001001000001
0000000101110000000000001110001000000001
0000000101100001000010000010000000000001
0000000101010001000010000011010000000001
0000000101110010000001100010001000000001
0000000101011000000000001110001000000001
0000000101011000000000001100000000000001
0000000101101000000000001111001000000001
0000000000101111111111110010000000000001
0000000110001000000000001110001000000001
0000000001011111111111110010000000000001
0000000111101000000000001110001000000001
0000000010001001000010000010000000000001
1111111010000000000000000000001000000001
0000000110011010000101010010000000000001
0000000110010010000101100010001000000001
0000000110001010000100100010001000000001
0000000110000010000100110010001000000001
0000000101111010000101000010001000000001
0000000000000000000000000000000000000001
0000000110100000000000001110001000000001
0000000110110010000110100010000000000001
0000000110101010000110110010001000000001
0000000110100010000101110010001000000001
0000000110011010000110000010001000000001
0000000110010010000110010010001000000001
0000000000000000000000000000000000000001
0000000110111000000000001110001000000001
0000000111001010000111110010000000000001
0000000111000010001000000010001000000001
0000000110111010000111000010001000000001
0000000110110010000111010010001000000001
0000000110101010000111100010001000000001
0000000000000000000000000000000000000001
0000000111010000000000001110001000000001
0000000111111010000101010010000000000001
0000000111110010000101100010001000000001
0000000111101010000100100010001000000001
0000000111100010000100110010001000000001
0000000111011010000101000010001000000001
0000000000000000000000000000000000000001
0000001000000000000000001110001000000001
0000001000010010000110100010000000000001
0000001000001010000110110010001000000001
0000001000000010000101110010001000000001
0000000111111010000110000010001000000001
0000000111110010000110010010001000000001
0000000000000000000000000000000000000001
0000001000011000000000001110001000000001
0000001000101010000111110010000000000001
0000001000100010001000000010001000000001
0000001000011010000111000010001000000001
0000001000010010000111010010001000000001
0000001000001010000111100010001000000001
0000000000000000000000000000000000000001
0000001000110000000000001110001000000001
0000000111010010001000010010000000000001
0000000000000000000000000000000000000001
0000001000111000000000001110001000000001
0000000111010010001000010010000000000001
0000000000000000000000000000000000000001
0000001001000000000000001110001000000001
0000001000110010001000100010000000000001
0000000000000000000000000000000000000001
0000001001001000000000001110001000000001
0000001000110010001000100010000000000001
0000000000000000000000000000000000000001
0000001001010000000000001110001000000001
0000001000111010001000110010000000000001
0000000000000000000000000000000000000001
0000001001111000000000001110001000000001
0000001010001010001001100010000000000001
0000001010000010001010000010001000000001
0000001001111010001001000010001000000001
0000001001110010001001010010001000000001
0000001001101010001001110010001000000001
0000000000000000000000000000000000000001
0000001010010000000000001110001000000001
0000001010100010001010110010000000000001
0000001010011010001011010010001000000001
0000001010010010001010010010001000000001
0000001010001010001010100010001000000001
0000001010000010001011000010001000000001
0000000000000000000000000000000000000001
0000001010101000000000001110001000000001
0000001001011000000000001110001000000001
0000001000111001000010000010000000000001
0000000000000000000000000000000000000001
0000001011000000000000001110001000000001
0000001011010010001100000010000000000001
0000001011001010001100100010001000000001
0000001011000010001011100010001000000001
0000001010111010001011110010001000000001
0000001010110010001100010010001000000001
0000000000000000000000000000000000000001
0000001011011000000000001110001000000001
0000001011101010001101010010000000000001
0000001011100010001101110010001000000001
0000001011011010001100110010001000000001
0000001011010010001101000010001000000001
0000001011001010001101100010001000000001
0000000000000000000000000000000000000001
0000001011110000000000001110001000000001
0000001001100000000000001110001000000001
0000001001001010001110000010000000000001
0000000000000000000000000000000000000001
0000001100011000000000001110001000000001
0000001100101010001110110010000000000001
0000001100100010001111010010001000000001
0000001100011010001110010010001000000001
0000001100010010001110100010001000000001
0000001100001010001111000010001000000001
0000000000000000000000000000000000000001
0000001100110000000000001110001000000001
0000001101000010010000000010000000000001
0000001100111010010000100010001000000001
0000001100110010001111100010001000000001
0000001100101010001111110010001000000001
0000001100100010010000010010001000000001
0000000000000000000000000000000000000001
0000001101001000000000001110001000000001
0000001011111000000000001110001000000001
0000001001001001000010000010000000000001
0000000000000000000000000000000000000001
0000001101100000000000001110001000000001
0000001101110010010001010010000000000001
0000001101101010010001110010001000000001
0000001101100010010000110010001000000001
0000001101011010010001000010001000000001
0000001101010010010001100010001000000001
0000000000000000000000000000000000000001
0000001101111000000000001110001000000001
0000001110001010010010100010000000000001
0000001110000010010011000010001000000001
0000001101111010010010000010001000000001
0000001101110010010010010010001000000001
0000001101101010010010110010001000000001
0000000000000000000000000000000000000001
0000001110010000000000001110001000000001
0000001100000000000000001110001000000001
0000001001000010010011010010000000000001
0000001001010010010011100010001000000001
0000000000000000000000000000000000000001
0000001111000000000000001110001000000001
0000001001100010010011110010000000000001
0000001110011000000000001110001000000001
0000000000000000000000000000000000000001
0000001100000010010100000010000000000001
0000001110100000000000001110001000000001
0000000000000000000000000000000000000001
0000001001011010010100010010000000000001
0000001011111010010100100010001000000001
0000000000000000000000000000000000000001
0000001110101000000000001110001000000001
0000001111101010010101100010000000000001
0000001111100010010101110010001000000001
0000001111010010010101100011010000000001
0000001111001010010101110010001000000001
0000001111000010010100110010001000000001
0000001110111010010101000010001000000001
0000001110110010010101010010001000000001
0000000000000000000000000000000000000001
0000001111011000000000001110001000000001
0000001111110000000000001111001000000001
0000010000011010010110110010000000000001
0000010000010010010111000010001000000001
0000010000000010010110110011010000000001
0000001111111010010111000010001000000001
0000001111011010010110000010001000000001
0000001111010010010110010010001000000001
0000001111001010010110100010001000000001
0000000000000000000000000000000000000001
0000010000001000000000001110001000000001
0000010000100000000000001111001000000001
0000010001001010011000000010000000000001
0000010001000010011000010010001000000001
0000010000110010011000000011010000000001
0000010000101010011000010010001000000001
0000010000001010010111010010001000000001
0000010000000010010111100010001000000001
0000001111111010010111110010001000000001
0000000000000000000000000000000000000001
0000010000111000000000001110001000000001
0000010001010000000000001111001000000001
0000001110011001000010000010000000000001
1111111101101000000000000000001000000001
0000001110100001000010000010000000000001
1111111101110000000000000000001000000001
0000001110101001000010000010000000000001
0000000000000000000000000000000000000001
0000010001110000000000001110001000000001
0000010010000010011001000010000000000001
0000010001111010011001100010001000000001
0000010001110010011000100010001000000001
0000010001101010011000110010001000000001
0000010001100010011001010010001000000001
0000000000000000000000000000000000000001
0000010010001000000000001110001000000001
0000010010011010011010010010000000000001
0000010010010010011010110010001000000001
0000010010001010011001110010001000000001
0000010010000010011010000010001000000001
0000010001111010011010100010001000000001
0000000000000000000000000000000000000001
0000010010100000000000001110001000000001
0000000000000000000000000000000000000001
0000010001011000000000001110001000000001
0000010000111010011011000010000000000001
0000010010101000000000001110001000000001
0000000000000000000000000000000000000001
0000010010101001000010000010000000000001
1111111110000000000000000000001000000001
0000010001011010011011010010000000000001
0000010010110000000000001110001000000001
0000000000000000000000000000000000000001
0000010010110001000010000010000000000001
1111111101111000000000000000001000000001
0000000000000000000000000000000000000001
0000000000000000000000000000000000000001
0000000000000000000000000000000000000001
0000000000000000000000000000000000000001
0000000000000000000000000000000000000001
0000000000000000000000000000000000000001
0000000000000000000000000000000000000001
0000000000000000000000000000000000000001
0000000000000000000000000000000000000001
0000000000000000000000000000000000000001
0000000000000000000000000000000000000001
0000000000000000000000000000000000000001
0000000000000000000000000000000000000001
0000000000000000000000000000000000000001
0000000000000000000000000000000000000001
0000000000000000000000000000000000000001
0000000000000000000000000000000000000001
0000000000000000000000000000000000000001
0000000000000000000000000000000000000001
0000000000000000000000000000000000000001
0000000000000000000000000000000000000001
0000000000000000000000000000000000000001
0000000000000000000000000000000000000001
0000000000000000000000000000000000000001
0000000000000000000000000000000000000001
0000000000000000000000000000000000000001
0000000000000000000000000000000000000001
0000000000000000000000000000000000000001
0000000000000000000000000000000000000001
0000000000000000000000000000000000000001
0000000000000000000000000000000000000001
0000000000000000000000000000000000000001
0000000000000000000000000000000000000001
0000000000000000000000000000000000000001
0000000000000000000000000000000000000001
0000000000000000000000000000000000000001
0000000000000000000000000000000000000001
0000000000000000000000000000000000000001
0000000000000000000000000000000000000001
0000000000000000000000000000000000000001
0000000000000000000000000000000000000001
0000000000000000000000000000000000000001
0000000000000000000000000000000000000001
0000000000000000000000000000000000000001
0000000000000000000000000000000000000001
0000000000000000000000000000000000000001
0000000000000000000000000000000000000001
0000000000000000000000000000000000000001
0000000000000000000000000000000000000001
0000000000000000000000000000000000000001
0000000000000000000000000000000000000001
0000000000000000000000000000000000000001
0000000000000000000000000000000000000001
0000000000000000000000000000000000000001
0000000000000000000000000000000000000001
0000000000000000000000000000000000000001
0000000000000000000000000000000000000001
0000000000000000000000000000000000000001
0000000000000000000000000000000000000001
0000000000000000000000000000000000000001
0000000000000000000000000000000000000001
0000000000000000000000000000000000000001
0000000000000000000000000000000000000001
0000000000000000000000000000000000000001
0000000000000000000000000000000000000001
0000000000000000000000000000000000000001
0000000000000000000000000000000000000001
0000000000000000000000000000000000000001
0000000000000000000000000000000000000001
0000000000000000000000000000000000000001
0000000000000000000000000000000000000001
0000000000000000000000000000000000000001
0000000000000000000000000000000000000001
0000000000000000000000000000000000000001
0000000000000000000000000000000000000001
0000000000000000000000000000000000000001
0000000000000000000000000000000000000001
0000000000000000000000000000000000000001
0000000000000000000000000000000000000001
0000000000000000000000000000000000000001
0000000000000000000000000000000000000001
0000000000000000000000000000000000000001
0000000000000000000000000000000000000001
0000000000000000000000000000000000000001
0000000000000000000000000000000000000001
0000000000000000000000000000000000000001
0000000000000000000000000000000000000001
0000000000000000000000000000000000000001
0000000000000000000000000000000000000001
0000000000000000000000000000000000000001
0000000000000000000000000000000000000001
0000000000000000000000000000000000000001
0000000000000000000000000000000000000001
0000000000000000000000000000000000000001
0000000000000000000000000000000000000001
0000000000000000000000000000000000000001
0000000000000000000000000000000000000001
0000000000000000000000000000000000000001
0000000000000000000000000000000000000001
0000000000000000000000000000000000000001
0000000000000000000000000000000000000001
0000000000000000000000000000000000000001
0000000000000000000000000000000000000001
0000000000000000000000000000000000000001
0000000000000000000000000000000000000001
0000000000000000000000000000000000000001
0000000000000000000000000000000000000001
0000000000000000000000000000000000000001
0000000000000000000000000000000000000001
0000000000000000000000000000000000000001
0000000000000000000000000000000000000001
0000000000000000000000000000000000000001
0000000000000000000000000000000000000001
0000000000000000000000000000000000000001
0000000000000000000000000000000000000001
0000000000000000000000000000000000000001
0000000000000000000000000000000000000001
0000000000000000000000000000000000000001
0000000000000000000000000000000000000001
0000000000000000000000000000000000000001
0000000000000000000000000000000000000001
0000000000000000000000000000000000000001
0000000000000000000000000000000000000001
0000000000000000000000000000000000000001
0000000000000000000000000000000000000001
0000000000000000000000000000000000000001
0000000000000000000000000000000000000001
0000000000000000000000000000000000000001
0000000000000000000000000000000000000001
0000000000000000000000000000000000000001
0000000000000000000000000000000000000001
0000000000000000000000000000000000000001
0000000000000000000000000000000000000001
0000000000000000000000000000000000000001
0000000000000000000000000000000000000001
0000000000000000000000000000000000000001
0000000000000000000000000000000000000001
0000000000000000000000000000000000000001
0000000000000000000000000000000000000001
0000000000000000000000000000000000000001
0000000000000000000000000000000000000001
0000000000000000000000000000000000000001
0000000000000000000000000000000000000001
0000000000000000000000000000000000000001
0000000000000000000000000000000000000001
0000000000000000000000000000000000000001
0000000000000000000000000000000000000001
0000000000000000000000000000000000000001
0000000000000000000000000000000000000001
0000000000000000000000000000000000000001
0000000000000000000000000000000000000001
0000000000000000000000000000000000000001
0000000000000000000000000000000000000001
0000000000000000000000000000000000000001
0000000000000000000000000000000000000001
0000000000000000000000000000000000000001
0000000000000000000000000000000000000001
0000000000000000000000000000000000000001
0000000000000000000000000000000000000001
0000000000000000000000000000000000000001
0000000000000000000000000000000000000001
0000000000000000000000000000000000000001
0000000000000000000000000000000000000001
0000000000000000000000000000000000000001
0000000000000000000000000000000000000001
0000000000000000000000000000000000000001
0000000000000000000000000000000000000001
0000000000000000000000000000000000000001
0000000000000000000000000000000000000001
0000000000000000000000000000000000000001
0000000000000000000000000000000000000001
0000000000000000000000000000000000000001
0000000000000000000000000000000000000001
0000000000000000000000000000000000000001
0000000000000000000000000000000000000001
0000000000000000000000000000000000000001
0000000000000000000000000000000000000001
0000000000000000000000000000000000000001
0000000000000000000000000000000000000001
0000000000000000000000000000000000000001
0000000000000000000000000000000000000001
0000000000000000000000000000000000000001
0000000000000000000000000000000000000001
0000000000000000000000000000000000000001
0000000000000000000000000000000000000001
0000000000000000000000000000000000000001
0000000000000000000000000000000000000001
0000000000000000000000000000000000000001
0000000000000000000000000000000000000001
0000000000000000000000000000000000000001
0000000000000000000000000000000000000001
0000000000000000000000000000000000000001
0000000000000000000000000000000000000001
0000000000000000000000000000000000000001
0000000000000000000000000000000000000001
0000000000000000000000000000000000000001
0000000000000000000000000000000000000001
0000000000000000000000000000000000000001
0000000000000000000000000000000000000001
0000000000000000000000000000000000000001
0000000000000000000000000000000000000001
0000000000000000000000000000000000000001
0000000000000000000000000000000000000001
0000000000000000000000000000000000000001
0000000000000000000000000000000000000001
0000000000000000000000000000000000000001
0000000000000000000000000000000000000001
0000000000000000000000000000000000000001
0000000000000000000000000000000000000001
0000000000000000000000000000000000000001
0000000000000000000000000000000000000001
0000000000000000000000000000000000000001
0000000000000000000000000000000000000001
0000000000000000000000000000000000000001
0000000000000000000000000000000000000001
0000000000000000000000000000000000000001
0000000000000000000000000000000000000001
0000000000000000000000000000000000000001
0000000000000000000000000000000000000001
0000000000000000000000000000000000000001
0000000000000000000000000000000000000001
0000000000000000000000000000000000000001
0000000000000000000000000000000000000001
0000000000000000000000000000000000000001
0000000000000000000000000000000000000001
0000000000000000000000000000000000000001
0000000000000000000000000000000000000001
0000000000000000000000000000000000000001
0000000000000000000000000000000000000001
0000000000000000000000000000000000000001
0000000000000000000000000000000000000001
0000000000000000000000000000000000000001
0000000000000000000000000000000000000001
0000000000000000000000000000000000000001
0000000000000000000000000000000000000001
0000000000000000000000000000000000000001
0000000000000000000000000000000000000001
0000000000000000000000000000000000000001
0000000000000000000000000000000000000001
0000000000000000000000000000000000000001
0000000000000000000000000000000000000001
0000000000000000000000000000000000000001
0000000000000000000000000000000000000001
0000000000000000000000000000000000000001
0000000000000000000000000000000000000001
0000000000000000000000000000000000000001
0000000000000000000000000000000000000001
0000000000000000000000000000000000000001
0000000000000000000000000000000000000001
0000000000000000000000000000000000000001
0000000000000000000000000000000000000001
0000000000000000000000000000000000000001
0000000000000000000000000000000000000001
0000000000000000000000000000000000000001
0000000000000000000000000000000000000001
0000000000000000000000000000000000000001
0000000000000000000000000000000000000001
0000000000000000000000000000000000000001
0000000000000000000000000000000000000001
0000000000000000000000000000000000000001
0000000000000000000000000000000000000001
0000000000000000000000000000000000000001
0000000000000000000000000000000000000001
0000000000000000000000000000000000000001
0000000000000000000000000000000000000001
0000000000000000000000000000000000000001
0000000000000000000000000000000000000001
0000000000000000000000000000000000000001
0000000000000000000000000000000000000001
0000000000000000000000000000000000000001
0000000000000000000000000000000000000001
0000000000000000000000000000000000000001
0000000000000000000000000000000000000001
0000000000000000000000000000000000000001
0000000000000000000000000000000000000001
0000000000000000000000000000000000000001
0000000000000000000000000000000000000001
0000000000000000000000000000000000000001
0000000000000000000000000000000000000001
0000000000000000000000000000000000000001
0000000000000000000000000000000000000001
0000000000000000000000000000000000000001
0000000000000000000000000000000000000001
0000000000000000000000000000000000000001
0000000000000000000000000000000000000001
0000000000000000000000000000000000000001
0000000000000000000000000000000000000001
0000000000000000000000000000000000000001
0000000000000000000000000000000000000001
0000000000000000000000000000000000000001
0000000000000000000000000000000000000001
0000000000000000000000000000000000000001
0000000000000000000000000000000000000001
0000000000000000000000000000000000000001
0000000000000000000000000000000000000001
0000000000000000000000000000000000000001
0000000000000000000000000000000000000001
0000000000000000000000000000000000000001
0000000000000000000000000000000000000001
0000000000000000000000000000000000000001
0000000000000000000000000000000000000001
0000000000000000000000000000000000000001
0000000000000000000000000000000000000001
0000000000000000000000000000000000000001
0000000000000000000000000000000000000001
0000000000000000000000000000000000000001
0000000000000000000000000000000000000001
0000000000000000000000000000000000000001
0000000000000000000000000000000000000001
0000000000000000000000000000000000000001
0000000000000000000000000000000000000001
0000000000000000000000000000000000000001
0000000000000000000000000000000000000001
0000000000000000000000000000000000000001
0000000000000000000000000000000000000001
0000000000000000000000000000000000000001
0000000000000000000000000000000000000001
0000000000000000000000000000000000000001
0000000000000000000000000000000000000001
0000000000000000000000000000000000000001
0000000000000000000000000000000000000001
0000000000000000000000000000000000000001
0000000000000000000000000000000000000001
0000000000000000000000000000000000000001
0000000000000000000000000000000000000001
0000000000000000000000000000000000000001
0000000000000000000000000000000000000001
0000000000000000000000000000000000000001
0000000000000000000000000000000000000001
0000000000000000000000000000000000000001
0000000000000000000000000000000000000001
0000000000000000000000000000000000000001
0000000000000000000000000000000000000001
0000000000000000000000000000000000000001
0000000000000000000000000000000000000001
0000000000000000000000000000000000000001
0000000000000000000000000000000000000001
0000000000000000000000000000000000000001
0000000000000000000000000000000000000001
0000000000000000000000000000000000000001
0000000000000000000000000000000000000001
0000000000000000000000000000000000000001
0000000000000000000000000000000000000001
0000000000000000000000000000000000000001
0000000000000000000000000000000000000001
0000000000000000000000000000000000000001
0000000000000000000000000000000000000001
0000000000000000000000000000000000000001
0000000000000000000000000000000000000001
0000000000000000000000000000000000000001
0000000000000000000000000000000000000001
0000000000000000000000000000000000000001
0000000000000000000000000000000000000001
0000000000000000000000000000000000000001
0000000000000000000000000000000000000001
0000000000000000000000000000000000000001
0000000000000000000000000000000000000001
0000000000000000000000000000000000000001
0000000000000000000000000000000000000001
0000000000000000000000000000000000000001
0000000000000000000000000000000000000001
0000000000000000000000000000000000000001
0000000000000000000000000000000000000001
0000000000000000000000000000000000000001
0000000000000000000000000000000000000001
0000000000000000000000000000000000000001
0000000000000000000000000000000000000001
0000000000000000000000000000000000000001
0000000000000000000000000000000000000001
0000000000000000000000000000000000000001
0000000000000000000000000000000000000001
0000000000000000000000000000000000000001
0000000000000000000000000000000000000001
0000000000000000000000000000000000000001
0000000000000000000000000000000000000001
0000000000000000000000000000000000000001
0000000000000000000000000000000000000001
0000000000000000000000000000000000000001
0000000000000000000000000000000000000001
0000000000000000000000000000000000000001
0000000000000000000000000000000000000001
0000000000000000000000000000000000000001
0000000000000000000000000000000000000001
0000000000000000000000000000000000000001
0000000000000000000000000000000000000001
0000000000000000000000000000000000000001
0000000000000000000000000000000000000001
0000000000000000000000000000000000000001
0000000000000000000000000000000000000001
0000000000000000000000000000000000000001
0000000000000000000000000000000000000001
0000000000000000000000000000000000000001
0000000000000000000000000000000000000001
0000000000000000000000000000000000000001
0000000000000000000000000000000000000001
0000000000000000000000000000000000000001
0000000000000000000000000000000000000001
0000000000000000000000000000000000000001
0000000000000000000000000000000000000001
0000000000000000000000000000000000000001
0000000000000000000000000000000000000001
0000000000000000000000000000000000000001
0000000000000000000000000000000000000001
0000000000000000000000000000000000000001
0000000000000000000000000000000000000001
0000000000000000000000000000000000000001
0000000000000000000000000000000000000001
0000000000000000000000000000000000000001
0000000000000000000000000000000000000001
0000000000000000000000000000000000000001
0000000000000000000000000000000000000001
0000000000000000000000000000000000000001
0000000000000000000000000000000000000001
0000000000000000000000000000000000000001
0000000000000000000000000000000000000001
0000000000000000000000000000000000000001
0000000000000000000000000000000000000001
0000000000000000000000000000000000000001
0000000000000000000000000000000000000001
0000000000000000000000000000000000000001
0000000000000000000000000000000000000001
0000000000000000000000000000000000000001
0000000000000000000000000000000000000001
0000000000000000000000000000000000000001
0000000000000000000000000000000000000001
0000000000000000000000000000000000000001
0000000000000000000000000000000000000001
0000000000000000000000000000000000000001
0000000000000000000000000000000000000001
0000000000000000000000000000000000000001
0000000000000000000000000000000000000001
0000000000000000000000000000000000000001
0000000000000000000000000000000000000001
0000000000000000000000000000000000000001
0000000000000000000000000000000000000001
0000000000000000000000000000000000000001
0000000000000000000000000000000000000001
0000000000000000000000000000000000000001
0000000000000000000000000000000000000001
0000000000000000000000000000000000000001
0000000000000000000000000000000000000001
0000000000000000000000000000000000000001
0000000000000000000000000000000000000001
0000000000000000000000000000000000000001
0000000000000000000000000000000000000001
0000000000000000000000000000000000000001
0000000000000000000000000000000000000001
0000000000000000000000000000000000000001
0000000000000000000000000000000000000001
0000000000000000000000000000000000000001
0000000000000000000000000000000000000001
0000000000000000000000000000000000000001
0000000000000000000000000000000000000001
0000000000000000000000000000000000000001
0000000000000000000000000000000000000001
0000000000000000000000000000000000000001
0000000000000000000000000000000000000001
0000000000000000000000000000000000000001
0000000000000000000000000000000000000001
0000000000000000000000000000000000000001
0000000000000000000000000000000000000001
0000000000000000000000000000000000000001
0000000000000000000000000000000000000001
0000000000000000000000000000000000000001
0000000000000000000000000000000000000001
0000000000000000000000000000000000000001
0000000000000000000000000000000000000001
0000000000000000000000000000000000000001
0000000000000000000000000000000000000001
0000000000000000000000000000000000000001
0000000000000000000000000000000000000001
0000000000000000000000000000000000000001
0000000000000000000000000000000000000001
0000000000000000000000000000000000000001
0000000000000000000000000000000000000001
0000000000000000000000000000000000000001
0000000000000000000000000000000000000001
0000000000000000000000000000000000000001
0000000000000000000000000000000000000001
0000000000000000000000000000000000000001
0000000000000000000000000000000000000001
0000000000000000000000000000000000000001
0000000000000000000000000000000000000001
0000000000000000000000000000000000000001
0000000000000000000000000000000000000001
0000000000000000000000000000000000000001
0000000000000000000000000000000000000001
0000000000000000000000000000000000000001
0000000000000000000000000000000000000001
0000000000000000000000000000000000000001
0000000000000000000000000000000000000001
0000000000000000000000000000000000000001
0000000000000000000000000000000000000001
0000000000000000000000000000000000000001
0000000000000000000000000000000000000001
0000000000000000000000000000000000000001
0000000000000000000000000000000000000001
0000000000000000000000000000000000000001
0000000000000000000000000000000000000001
0000000000000000000000000000000000000001
0000000000000000000000000000000000000001
0000000000000000000000000000000000000001
0000000000000000000000000000000000000001
0000000000000000000000000000000000000001
0000000000000000000000000000000000000001
0000000000000000000000000000000000000001
0000000000000000000000000000000000000001
0000000000000000000000000000000000000001
0000000000000000000000000000000000000001
0000000000000000000000000000000000000001
0000000000000000000000000000000000000001
0000000000000000000000000000000000000001
0000000000000000000000000000000000000001
0000000000000000000000000000000000000001
0000000000000000000000000000000000000001
0000000000000000000000000000000000000001
0000000000000000000000000000000000000001
0000000000000000000000000000000000000001
0000000000000000000000000000000000000001
0000000000000000000000000000000000000001
0000000000000000000000000000000000000001
0000000000000000000000000000000000000001
0000000000000000000000000000000000000001
0000000000000000000000000000000000000001
0000000000000000000000000000000000000001
0000000000000000000000000000000000000001
0000000000000000000000000000000000000001
0000000000000000000000000000000000000001
0000000000000000000000000000000000000001
0000000000000000000000000000000000000001
0000000000000000000000000000000000000001
0000000000000000000000000000000000000001
0000000000000000000000000000000000000001
0000000000000000000000000000000000000001
0000000000000000000000000000000000000001
0000000000000000000000000000000000000001
0000000000000000000000000000000000000001
0000000000000000000000000000000000000001
0000000000000000000000000000000000000001
0000000000000000000000000000000000000001
0000000000000000000000000000000000000001
0000000000000000000000000000000000000001
0000000000000000000000000000000000000001
0000000000000000000000000000000000000001
0000000000000000000000000000000000000001
0000000000000000000000000000000000000001
0000000000000000000000000000000000000001
0000000000000000000000000000000000000001
0000000000000000000000000000000000000001
0000000000000000000000000000000000000001
0000000000000000000000000000000000000001
0000000000000000000000000000000000000001
0000000000000000000000000000000000000001
0000000000000000000000000000000000000001
0000000000000000000000000000000000000001
0000000000000000000000000000000000000001
0000000000000000000000000000000000000001
0000000000000000000000000000000000000001
0000000000000000000000000000000000000001
0000000000000000000000000000000000000001
0000000000000000000000000000000000000001
0000000000000000000000000000000000000001
0000000000000000000000000000000000000001
0000000000000000000000000000000000000001
0000000000000000000000000000000000000001
0000000000000000000000000000000000000001
0000000000000000000000000000000000000001
0000000000000000000000000000000000000001
0000000000000000000000000000000000000001
0000000000000000000000000000000000000001
0000000000000000000000000000000000000001
0000000000000000000000000000000000000001
0000000000000000000000000000000000000001
0000000000000000000000000000000000000001
0000000000000000000000000000000000000001
0000000000000000000000000000000000000001
0000000000000000000000000000000000000001
0000000000000000000000000000000000000001
0000000000000000000000000000000000000001
0000000000000000000000000000000000000001
0000000000000000000000000000000000000001
0000000000000000000000000000000000000001
0000000000000000000000000000000000000001
0000000000000000000000000000000000000001
0000000000000000000000000000000000000001
0000000000000000000000000000000000000001
0000000000000000000000000000000000000001
0000000000000000000000000000000000000001
0000000000000000000000000000000000000001
0000000000000000000000000000000000000001
0000000000000000000000000000000000000001
0000000000000000000000000000000000000001
0000000000000000000000000000000000000001
0000000000000000000000000000000000000001
0000000000000000000000000000000000000001
0000000000000000000000000000000000000001
0000000000000000000000000000000000000001
0000000000000000000000000000000000000001
0000000000000000000000000000000000000001
0000000000000000000000000000000000000001
0000000000000000000000000000000000000001
0000000000000000000000000000000000000001
0000000000000000000000000000000000000001
0000000000000000000000000000000000000001
0000000000000000000000000000000000000001
0000000000000000000000000000000000000001
0000000000000000000000000000000000000001
0000000000000000000000000000000000000001
0000000000000000000000000000000000000001
0000000000000000000000000000000000000001
0000000000000000000000000000000000000001
0000000000000000000000000000000000000001
0000000000000000000000000000000000000001
0000000000000000000000000000000000000001
0000000000000000000000000000000000000001
0000000000000000000000000000000000000001
0000000000000000000000000000000000000001
0000000000000000000000000000000000000001
0000000000000000000000000000000000000001
0000000000000000000000000000000000000001
0000000000000000000000000000000000000001
0000000000000000000000000000000000000001
0000000000000000000000000000000000000001
0000000000000000000000000000000000000001
0000000000000000000000000000000000000001
0000000000000000000000000000000000000001
0000000000000000000000000000000000000001
0000000000000000000000000000000000000001
0000000000000000000000000000000000000001
0000000000000000000000000000000000000001
0000000000000000000000000000000000000001
0000000000000000000000000000000000000001
0000000000000000000000000000000000000001
0000000000000000000000000000000000000001
0000000000000000000000000000000000000001
0000000000000000000000000000000000000001
0000000000000000000000000000000000000001
0000000000000000000000000000000000000001
0000000000000000000000000000000000000001
0000000000000000000000000000000000000001
0000000000000000000000000000000000000001
0000000000000000000000000000000000000001
0000000000000000000000000000000000000001
0000000000000000000000000000000000000001
0000000000000000000000000000000000000001
0000000000000000000000000000000000000001
0000000000000000000000000000000000000001
0000000000000000000000000000000000000001
0000000000000000000000000000000000000001
0000000000000000000000000000000000000001
0000000000000000000000000000000000000001
0000000000000000000000000000000000000001
0000000000000000000000000000000000000001
0000000000000000000000000000000000000001
0000000000000000000000000000000000000001
0000000000000000000000000000000000000001
0000000000000000000000000000000000000001
0000000000000000000000000000000000000001
0000000000000000000000000000000000000001
0000000000000000000000000000000000000001
0000000000000000000000000000000000000001
0000000000000000000000000000000000000001
0000000000000000000000000000000000000001
0000000000000000000000000000000000000001
0000000000000000000000000000000000000001
0000000000000000000000000000000000000001
0000000000000000000000000000000000000001
0000000000000000000000000000000000000001
0000000000000000000000000000000000000001
0000000000000000000000000000000000000001
0000000000000000000000000000000000000001
0000000000000000000000000000000000000001
0000000000000000000000000000000000000001
0000000000000000000000000000000000000001
0000000000000000000000000000000000000001
0000000000000000000000000000000000000001
0000000000000000000000000000000000000001
0000000000000000000000000000000000000001
0000000000000000000000000000000000000001
0000000000000000000000000000000000000001
0000000000000000000000000000000000000001
0000000000000000000000000000000000000001
0000000000000000000000000000000000000001
0000000000000000000000000000000000000001
0000000000000000000000000000000000000001
0000000000000000000000000000000000000001
